"id_municipio","Município","Classes de rendimento nominal mensal","<1","1-3","4-7","8-10","11-14",">15","NA"
"1100015","Alta Floresta D'Oeste (RO)","Total","13.79","27.30","40.14","10.13","6.52","0.74","1.37"
"1100023","Ariquemes (RO)","Total","11.32","20.09","40.11","15.57","10.28","1.81","0.82"
"1100031","Cabixi (RO)","Total","14.07","24.92","43.54","9.87","5.25","0.29","2.06"
"1100049","Cacoal (RO)","Total","11.51","19.50","39.99","13.75","11.12","1.97","2.16"
"1100056","Cerejeiras (RO)","Total","11.52","21.62","43.38","12.36","8.83","0.64","1.65"
"1100064","Colorado do Oeste (RO)","Total","12.34","18.76","41.91","12.94","10.23","1.32","2.50"
"1100072","Corumbiara (RO)","Total","17.40","29.42","42.59","5.95","2.95","0.34","1.34"
"1100080","Costa Marques (RO)","Total","12.99","27.28","41.08","9.72","6.54","1.31","1.08"
"1100098","Espigão D'Oeste (RO)","Total","13.35","25.03","41.40","10.91","6.00","0.73","2.57"
"1100106","Guajará-Mirim (RO)","Total","10.94","17.92","35.79","17.19","12.16","2.32","3.68"
"1100114","Jaru (RO)","Total","13.87","22.59","43.29","11.05","7.74","0.87","0.58"
"1100122","Ji-Paraná (RO)","Total","10.61","18.66","41.56","14.25","12.41","1.80","0.71"
"1100130","Machadinho D'Oeste (RO)","Total","16.62","28.56","39.93","9.22","4.66","0.55","0.46"
"1100148","Nova Brasilândia D'Oeste (RO)","Total","13.93","24.01","37.54","13.63","6.28","0.44","4.17"
"1100155","Ouro Preto do Oeste (RO)","Total","13.23","23.02","41.17","11.75","8.94","1.18","0.70"
"1100189","Pimenta Bueno (RO)","Total","12.06","18.03","39.41","15.57","10.95","1.92","2.05"
"1100205","Porto Velho (RO)","Total","7.93","15.54","35.34","17.00","19.90","3.64","0.66"
"1100254","Presidente Médici (RO)","Total","16.11","23.96","40.96","10.21","6.44","0.65","1.67"
"1100262","Rio Crespo (RO)","Total","16.83","27.90","40.85","7.70","5.34","1.02","0.36"
"1100288","Rolim de Moura (RO)","Total","12.99","20.49","40.21","14.21","8.00","1.49","2.61"
"1100296","Santa Luzia D'Oeste (RO)","Total","14.10","25.12","40.02","12.21","5.50","0.79","2.26"
"1100304","Vilhena (RO)","Total","8.49","15.42","40.71","17.74","13.68","2.46","1.49"
"1100320","São Miguel do Guaporé (RO)","Total","13.44","29.84","42.40","9.23","2.60","0.08","2.42"
"1100338","Nova Mamoré (RO)","Total","13.55","27.47","42.78","9.21","6.03","0.25","0.70"
"1100346","Alvorada D'Oeste (RO)","Total","14.88","27.79","38.84","10.85","6.12","0.62","0.91"
"1100379","Alto Alegre dos Parecis (RO)","Total","15.21","31.87","42.63","5.93","2.64","0.25","1.47"
"1100403","Alto Paraíso (RO)","Total","17.95","25.02","44.64","8.51","3.14","0.21","0.53"
"1100452","Buritis (RO)","Total","13.79","27.16","44.07","10.36","3.72","0.54","0.35"
"1100502","Novo Horizonte do Oeste (RO)","Total","15.43","27.14","38.55","10.77","3.35","0.20","4.55"
"1100601","Cacaulândia (RO)","Total","11.71","28.86","46.95","7.64","3.40","0.65","0.79"
"1100700","Campo Novo de Rondônia (RO)","Total","15.85","33.20","40.37","6.98","2.89","0.33","0.38"
"1100809","Candeias do Jamari (RO)","Total","13.41","29.66","37.16","11.59","5.80","0.46","1.92"
"1100908","Castanheiras (RO)","Total","15.77","23.20","40.66","12.70","4.40","0.38","2.89"
"1100924","Chupinguaia (RO)","Total","14.50","27.65","41.47","7.75","5.98","1.10","1.56"
"1100940","Cujubim (RO)","Total","17.36","29.88","41.82","7.28","2.86","0.51","0.29"
"1101005","Governador Jorge Teixeira (RO)","Total","18.94","33.61","40.07","4.68","1.86","0.06","0.78"
"1101104","Itapuã do Oeste (RO)","Total","17.66","25.02","38.31","11.84","6.05","0.45","0.67"
"1101203","Ministro Andreazza (RO)","Total","17.33","24.19","40.50","12.05","4.09","0.20","1.63"
"1101302","Mirante da Serra (RO)","Total","15.74","26.54","42.88","8.05","5.48","0.57","0.73"
"1101401","Monte Negro (RO)","Total","16.78","26.54","42.89","8.40","4.18","0.68","0.53"
"1101435","Nova União (RO)","Total","15.62","28.86","46.22","5.83","3.25","0.06","0.17"
"1101450","Parecis (RO)","Total","21.25","24.78","41.57","9.25","1.69","0.56","0.90"
"1101468","Pimenteiras do Oeste (RO)","Total","15.31","15.73","44.84","15.43","6.41","0.72","1.56"
"1101476","Primavera de Rondônia (RO)","Total","16.81","26.90","41.65","8.09","3.30","0.29","2.95"
"1101484","São Felipe D'Oeste (RO)","Total","15.28","22.73","45.86","10.80","3.08","0.06","2.19"
"1101492","São Francisco do Guaporé (RO)","Total","14.01","27.66","44.10","8.88","4.39","0.46","0.51"
"1101500","Seringueiras (RO)","Total","13.53","30.08","41.83","8.09","4.77","0.27","1.42"
"1101559","Teixeirópolis (RO)","Total","15.80","31.04","42.32","6.30","3.01","0.25","1.28"
"1101609","Theobroma (RO)","Total","18.84","30.58","39.12","8.10","2.30","0.35","0.71"
"1101708","Urupá (RO)","Total","15.62","26.00","45.29","7.97","4.43","0.06","0.63"
"1101757","Vale do Anari (RO)","Total","17.95","33.15","37.44","7.65","2.65","0.29","0.87"
"1101807","Vale do Paraíso (RO)","Total","13.26","29.49","46.44","6.72","3.66","0.20","0.24"
"1200013","Acrelândia (AC)","Total","24.99","28.57","30.26","9.52","4.13","0.17","2.37"
"1200054","Assis Brasil (AC)","Total","19.34","33.62","25.24","8.28","6.80","2.40","4.32"
"1200104","Brasiléia (AC)","Total","24.13","26.04","28.36","9.73","8.19","1.17","2.39"
"1200138","Bujari (AC)","Total","32.71","23.35","27.36","8.17","4.47","0.93","3.01"
"1200179","Capixaba (AC)","Total","39.49","30.12","19.32","7.35","1.70","0.35","1.67"
"1200203","Cruzeiro do Sul (AC)","Total","21.21","23.09","29.74","13.50","9.66","0.99","1.82"
"1200252","Epitaciolândia (AC)","Total","21.00","26.97","31.11","9.99","6.91","0.50","3.54"
"1200302","Feijó (AC)","Total","54.51","18.51","14.22","6.67","2.83","0.82","2.43"
"1200328","Jordão (AC)","Total","62.18","24.39","8.83","2.23","0.46","0.15","1.75"
"1200336","Mâncio Lima (AC)","Total","20.37","29.66","24.78","14.36","7.45","0.32","3.07"
"1200344","Manoel Urbano (AC)","Total","43.69","23.50","20.00","9.07","2.80","0.10","0.84"
"1200351","Marechal Thaumaturgo (AC)","Total","44.66","28.58","18.55","5.31","1.40","-","1.50"
"1200385","Plácido de Castro (AC)","Total","23.91","25.23","29.16","12.66","4.44","0.64","3.97"
"1200393","Porto Walter (AC)","Total","44.33","25.60","18.55","7.76","3.12","-","0.64"
"1200401","Rio Branco (AC)","Total","12.64","17.04","32.45","17.02","15.22","3.48","2.15"
"1200427","Rodrigues Alves (AC)","Total","43.26","22.69","20.33","7.37","4.19","0.07","2.09"
"1200435","Santa Rosa do Purus (AC)","Total","54.75","30.21","11.91","2.58","0.27","-","0.27"
"1200450","Senador Guiomard (AC)","Total","21.61","25.00","32.47","11.82","7.15","0.85","1.11"
"1200500","Sena Madureira (AC)","Total","30.35","25.55","25.50","9.07","6.26","0.90","2.37"
"1200609","Tarauacá (AC)","Total","42.38","19.71","18.94","9.80","5.19","0.71","3.26"
"1200708","Xapuri (AC)","Total","27.62","26.78","23.51","9.26","7.78","1.22","3.82"
"1200807","Porto Acre (AC)","Total","27.10","25.98","31.15","10.53","1.98","0.50","2.77"
"1300029","Alvarães (AM)","Total","26.70","35.73","27.86","4.96","3.19","0.58","0.98"
"1300060","Amaturá (AM)","Total","26.16","27.86","28.52","8.55","6.46","0.31","2.14"
"1300086","Anamã (AM)","Total","23.82","32.50","30.63","5.20","5.60","-","2.25"
"1300102","Anori (AM)","Total","27.79","26.71","27.45","7.66","8.01","0.17","2.20"
"1300144","Apuí (AM)","Total","17.12","33.59","35.78","6.97","4.75","0.31","1.48"
"1300201","Atalaia do Norte (AM)","Total","48.70","21.32","18.22","5.48","3.31","0.83","2.14"
"1300300","Autazes (AM)","Total","17.44","31.72","35.17","7.08","5.42","0.39","2.78"
"1300409","Barcelos (AM)","Total","41.06","21.65","26.40","6.35","3.99","0.10","0.46"
"1300508","Barreirinha (AM)","Total","15.32","35.44","33.17","7.34","6.79","0.41","1.52"
"1300607","Benjamin Constant (AM)","Total","27.51","26.14","31.99","8.06","5.05","0.62","0.62"
"1300631","Beruri (AM)","Total","43.58","26.76","20.62","4.33","4.12","0.18","0.42"
"1300680","Boa Vista do Ramos (AM)","Total","10.58","32.84","43.30","6.11","6.15","0.49","0.53"
"1300706","Boca do Acre (AM)","Total","31.68","28.79","25.33","7.47","6.18","0.21","0.35"
"1300805","Borba (AM)","Total","27.62","33.02","25.65","6.33","5.66","0.21","1.51"
"1300839","Caapiranga (AM)","Total","25.72","31.67","28.15","6.87","5.22","0.40","1.97"
"1300904","Canutama (AM)","Total","41.38","21.36","23.21","8.19","4.97","0.25","0.64"
"1301001","Carauari (AM)","Total","37.93","24.98","27.73","4.08","3.17","0.35","1.76"
"1301100","Careiro (AM)","Total","24.09","33.01","34.42","4.71","2.57","0.11","1.10"
"1301159","Careiro da Várzea (AM)","Total","19.52","34.39","35.65","5.78","3.84","0.08","0.74"
"1301209","Coari (AM)","Total","27.90","27.32","28.50","7.81","6.98","0.29","1.20"
"1301308","Codajás (AM)","Total","27.12","29.34","26.63","8.24","7.33","0.05","1.30"
"1301407","Eirunepé (AM)","Total","41.06","22.62","21.13","7.47","6.90","0.05","0.78"
"1301506","Envira (AM)","Total","46.67","28.22","15.79","3.84","3.18","-","2.30"
"1301605","Fonte Boa (AM)","Total","42.38","32.92","19.39","2.41","2.32","0.16","0.42"
"1301654","Guajará (AM)","Total","45.42","24.72","20.03","6.08","2.49","0.07","1.17"
"1301704","Humaitá (AM)","Total","23.44","25.14","30.44","10.36","8.90","0.92","0.82"
"1301803","Ipixuna (AM)","Total","41.76","28.73","22.04","3.79","2.29","0.13","1.27"
"1301852","Iranduba (AM)","Total","17.01","30.87","34.87","9.40","6.27","0.39","1.19"
"1301902","Itacoatiara (AM)","Total","10.59","28.40","37.20","11.08","11.63","0.57","0.53"
"1301951","Itamarati (AM)","Total","56.53","21.87","12.97","4.02","1.72","-","2.89"
"1302009","Itapiranga (AM)","Total","9.55","28.75","41.42","10.11","9.30","0.29","0.58"
"1302108","Japurá (AM)","Total","44.59","24.33","26.59","2.91","0.71","0.07","0.80"
"1302207","Juruá (AM)","Total","41.71","26.93","18.48","6.18","3.20","-","3.51"
"1302306","Jutaí (AM)","Total","47.79","26.87","17.67","4.58","2.56","0.14","0.38"
"1302405","Lábrea (AM)","Total","40.78","23.41","23.99","7.41","3.33","0.14","0.93"
"1302504","Manacapuru (AM)","Total","19.85","29.47","32.62","8.88","8.23","0.35","0.60"
"1302553","Manaquiri (AM)","Total","16.38","33.38","37.36","8.78","3.96","-","0.14"
"1302603","Manaus (AM)","Total","6.21","15.27","34.43","17.93","22.07","3.21","0.88"
"1302702","Manicoré (AM)","Total","29.58","27.44","29.16","6.44","5.30","0.18","1.90"
"1302801","Maraã (AM)","Total","51.07","27.13","14.95","2.55","1.91","0.19","2.20"
"1302900","Maués (AM)","Total","14.43","31.44","35.50","9.43","7.83","0.26","1.11"
"1303007","Nhamundá (AM)","Total","15.99","28.19","34.32","11.11","8.61","0.20","1.58"
"1303106","Nova Olinda do Norte (AM)","Total","26.28","36.69","27.13","4.05","5.30","0.38","0.17"
"1303205","Novo Airão (AM)","Total","19.67","29.75","36.33","6.18","5.80","1.20","1.08"
"1303304","Novo Aripuanã (AM)","Total","25.36","34.60","28.30","5.96","4.62","0.67","0.49"
"1303403","Parintins (AM)","Total","9.66","26.58","40.07","12.66","9.78","0.62","0.62"
"1303502","Pauini (AM)","Total","51.53","28.26","12.50","3.40","2.07","0.25","1.99"
"1303536","Presidente Figueiredo (AM)","Total","12.52","23.11","36.66","13.91","11.41","1.16","1.22"
"1303569","Rio Preto da Eva (AM)","Total","15.56","26.54","37.47","11.28","7.24","0.35","1.57"
"1303601","Santa Isabel do Rio Negro (AM)","Total","34.11","23.13","27.91","9.40","4.44","0.18","0.82"
"1303700","Santo Antônio do Içá (AM)","Total","40.97","24.98","24.25","6.02","2.75","0.30","0.73"
"1303809","São Gabriel da Cachoeira (AM)","Total","27.29","21.28","30.31","9.52","9.66","0.97","0.97"
"1303908","São Paulo de Olivença (AM)","Total","38.29","32.31","19.93","4.42","3.89","0.62","0.54"
"1303957","São Sebastião do Uatumã (AM)","Total","13.55","26.74","39.60","12.25","7.65","0.12","0.10"
"1304005","Silves (AM)","Total","10.34","32.02","40.01","8.64","8.16","0.29","0.53"
"1304062","Tabatinga (AM)","Total","21.64","24.17","31.44","11.47","9.11","0.98","1.19"
"1304104","Tapauá (AM)","Total","48.48","23.83","19.42","4.69","3.37","0.03","0.18"
"1304203","Tefé (AM)","Total","19.19","28.54","32.57","10.93","7.28","0.75","0.74"
"1304237","Tonantins (AM)","Total","31.19","35.75","25.72","4.40","2.51","0.18","0.23"
"1304260","Uarini (AM)","Total","35.78","31.41","21.24","8.28","2.59","0.11","0.58"
"1304302","Urucará (AM)","Total","11.45","26.08","41.91","10.54","9.12","0.09","0.80"
"1304401","Urucurituba (AM)","Total","11.45","36.69","34.44","9.65","6.98","0.15","0.64"
"1400027","Amajari (RR)","Total","29.35","24.89","33.36","7.13","3.62","0.86","0.80"
"1400050","Alto Alegre (RR)","Total","17.78","24.30","41.30","10.71","5.14","0.12","0.66"
"1400100","Boa Vista (RR)","Total","6.82","13.73","33.65","22.83","18.19","3.20","1.59"
"1400159","Bonfim (RR)","Total","17.23","25.72","40.12","9.63","6.55","0.57","0.19"
"1400175","Cantá (RR)","Total","19.91","25.63","37.22","10.36","5.67","0.56","0.64"
"1400209","Caracaraí (RR)","Total","17.54","24.66","32.80","12.59","8.68","0.96","2.78"
"1400233","Caroebe (RR)","Total","21.40","27.61","30.39","13.92","6.00","0.40","0.30"
"1400282","Iracema (RR)","Total","14.82","30.89","32.82","13.54","5.60","0.36","1.96"
"1400308","Mucajaí (RR)","Total","18.80","20.61","36.35","14.61","7.42","0.37","1.83"
"1400407","Normandia (RR)","Total","22.74","23.17","39.24","8.81","5.57","0.24","0.23"
"1400456","Pacaraima (RR)","Total","15.80","20.98","36.14","17.50","7.02","1.34","1.22"
"1400472","Rorainópolis (RR)","Total","19.40","23.11","34.52","12.76","7.29","0.71","2.21"
"1400506","São João da Baliza (RR)","Total","13.09","26.81","33.48","17.79","7.37","0.91","0.56"
"1400605","São Luiz (RR)","Total","16.67","19.13","38.32","15.49","7.54","1.04","1.81"
"1400704","Uiramutã (RR)","Total","33.77","28.40","28.09","6.84","1.86","0.24","0.80"
"1500107","Abaetetuba (PA)","Total","14.55","33.47","29.95","11.29","9.31","0.75","0.68"
"1500131","Abel Figueiredo (PA)","Total","19.95","27.69","32.99","15.17","2.89","0.27","1.04"
"1500206","Acará (PA)","Total","30.58","42.57","19.63","3.88","2.41","0.13","0.81"
"1500305","Afuá (PA)","Total","43.06","31.72","18.93","4.15","1.00","0.12","1.02"
"1500347","Água Azul do Norte (PA)","Total","23.22","35.02","32.22","6.18","2.67","0.17","0.52"
"1500404","Alenquer (PA)","Total","15.54","37.18","28.68","10.35","7.26","0.38","0.62"
"1500503","Almeirim (PA)","Total","18.84","29.13","24.72","14.20","11.56","1.17","0.39"
"1500602","Altamira (PA)","Total","15.99","25.37","31.20","15.69","9.57","1.29","0.88"
"1500701","Anajás (PA)","Total","51.58","32.44","11.01","2.24","1.49","0.09","1.17"
"1500800","Ananindeua (PA)","Total","4.77","17.86","32.96","22.64","18.64","2.22","0.90"
"1500859","Anapu (PA)","Total","27.15","34.76","28.09","6.10","2.22","0.14","1.54"
"1500909","Augusto Corrêa (PA)","Total","22.81","41.54","26.32","4.52","3.23","0.22","1.35"
"1500958","Aurora do Pará (PA)","Total","31.66","39.44","19.49","4.39","2.43","-","2.59"
"1501006","Aveiro (PA)","Total","16.90","40.21","33.48","5.07","3.87","0.20","0.28"
"1501105","Bagre (PA)","Total","34.40","40.44","17.74","4.15","2.47","0.11","0.70"
"1501204","Baião (PA)","Total","11.82","37.67","30.86","11.13","7.45","0.37","0.71"
"1501253","Bannach (PA)","Total","20.06","32.30","38.95","5.89","1.71","0.30","0.79"
"1501303","Barcarena (PA)","Total","11.56","28.82","30.51","14.80","12.12","1.43","0.76"
"1501402","Belém (PA)","Total","4.42","15.94","31.12","20.25","21.70","5.84","0.73"
"1501451","Belterra (PA)","Total","13.29","33.81","36.22","10.70","4.72","0.18","1.08"
"1501501","Benevides (PA)","Total","7.28","26.85","36.10","15.87","12.16","0.86","0.87"
"1501576","Bom Jesus do Tocantins (PA)","Total","28.15","30.63","26.77","7.92","5.43","0.05","1.04"
"1501600","Bonito (PA)","Total","20.70","43.60","25.48","5.02","3.10","0.26","1.84"
"1501709","Bragança (PA)","Total","14.92","34.43","29.63","10.92","8.33","0.98","0.78"
"1501725","Brasil Novo (PA)","Total","19.76","28.37","38.29","8.16","3.94","0.25","1.23"
"1501758","Brejo Grande do Araguaia (PA)","Total","18.83","29.21","33.65","10.20","6.16","0.68","1.27"
"1501782","Breu Branco (PA)","Total","20.90","37.18","30.18","7.41","3.26","0.03","1.04"
"1501808","Breves (PA)","Total","34.65","34.27","20.00","6.58","3.22","0.32","0.94"
"1501907","Bujaru (PA)","Total","19.82","36.61","30.71","7.17","4.78","0.15","0.76"
"1501956","Cachoeira do Piriá (PA)","Total","41.59","37.94","13.28","2.19","1.35","-","3.65"
"1502004","Cachoeira do Arari (PA)","Total","17.59","38.02","32.56","7.34","3.31","0.45","0.73"
"1502103","Cametá (PA)","Total","13.63","38.08","32.43","7.90","6.70","0.61","0.65"
"1502152","Canaã dos Carajás (PA)","Total","17.50","31.51","37.12","8.72","4.25","0.28","0.62"
"1502202","Capanema (PA)","Total","12.02","29.21","30.03","14.55","12.31","1.12","0.75"
"1502301","Capitão Poço (PA)","Total","28.30","37.67","22.64","6.00","3.39","0.40","1.61"
"1502400","Castanhal (PA)","Total","9.56","24.18","33.23","17.24","13.63","1.43","0.74"
"1502509","Chaves (PA)","Total","38.66","38.59","15.46","2.55","1.25","-","3.49"
"1502608","Colares (PA)","Total","7.09","31.48","37.30","13.67","9.25","0.75","0.47"
"1502707","Conceição do Araguaia (PA)","Total","18.55","27.88","30.43","12.05","8.71","1.29","1.08"
"1502756","Concórdia do Pará (PA)","Total","22.09","40.82","26.71","5.79","4.23","0.12","0.26"
"1502764","Cumaru do Norte (PA)","Total","21.64","39.07","30.46","6.81","1.11","0.24","0.67"
"1502772","Curionópolis (PA)","Total","18.76","36.11","32.25","7.32","4.23","0.22","1.11"
"1502806","Curralinho (PA)","Total","33.71","39.68","20.06","4.51","1.21","-","0.83"
"1502855","Curuá (PA)","Total","11.59","50.48","31.87","3.70","2.01","-","0.35"
"1502905","Curuçá (PA)","Total","9.46","32.26","38.37","12.36","6.96","0.22","0.37"
"1502939","Dom Eliseu (PA)","Total","21.51","35.64","29.11","7.45","4.89","0.18","1.22"
"1502954","Eldorado do Carajás (PA)","Total","23.60","37.10","29.39","6.73","2.69","0.06","0.42"
"1503002","Faro (PA)","Total","12.92","32.13","37.24","9.95","6.22","0.44","1.11"
"1503044","Floresta do Araguaia (PA)","Total","19.21","39.42","30.78","7.05","2.55","0.22","0.77"
"1503077","Garrafão do Norte (PA)","Total","27.31","44.42","18.03","4.76","1.43","0.06","3.99"
"1503093","Goianésia do Pará (PA)","Total","22.24","37.14","28.95","6.54","3.62","0.15","1.35"
"1503101","Gurupá (PA)","Total","35.48","35.92","20.37","4.67","2.54","0.19","0.83"
"1503200","Igarapé-Açu (PA)","Total","14.03","36.47","29.49","11.19","7.33","0.49","1.00"
"1503309","Igarapé-Miri (PA)","Total","20.17","42.71","24.02","6.84","5.10","0.23","0.93"
"1503408","Inhangapi (PA)","Total","16.82","37.17","30.10","7.44","6.88","0.35","1.25"
"1503457","Ipixuna do Pará (PA)","Total","32.58","38.65","23.23","3.14","1.56","0.15","0.69"
"1503507","Irituia (PA)","Total","19.27","42.63","26.61","5.83","4.73","0.09","0.83"
"1503606","Itaituba (PA)","Total","18.43","29.11","31.76","12.64","6.63","0.66","0.76"
"1503705","Itupiranga (PA)","Total","24.23","39.42","27.46","4.80","2.79","0.14","1.16"
"1503754","Jacareacanga (PA)","Total","38.97","25.76","26.96","6.02","1.69","0.13","0.48"
"1503804","Jacundá (PA)","Total","21.46","30.26","31.59","10.08","5.08","0.14","1.38"
"1503903","Juruti (PA)","Total","12.32","44.61","31.26","6.68","3.57","0.10","1.46"
"1504000","Limoeiro do Ajuru (PA)","Total","17.66","46.08","27.91","3.79","4.10","-","0.46"
"1504059","Mãe do Rio (PA)","Total","16.99","35.30","29.06","9.56","6.85","0.24","2.00"
"1504109","Magalhães Barata (PA)","Total","8.77","37.05","38.78","9.34","4.72","0.59","0.76"
"1504208","Marabá (PA)","Total","14.42","24.15","32.02","15.21","11.79","1.36","1.06"
"1504307","Maracanã (PA)","Total","13.70","38.61","34.16","7.63","4.59","0.15","1.17"
"1504406","Marapanim (PA)","Total","9.36","37.94","36.55","10.24","5.36","0.18","0.37"
"1504422","Marituba (PA)","Total","7.43","25.14","38.00","16.96","11.22","0.64","0.61"
"1504455","Medicilândia (PA)","Total","19.90","31.51","33.11","9.40","4.49","0.35","1.24"
"1504505","Melgaço (PA)","Total","44.30","42.37","9.07","2.94","0.56","0.16","0.60"
"1504604","Mocajuba (PA)","Total","11.30","36.10","35.07","8.84","7.28","0.49","0.92"
"1504703","Moju (PA)","Total","29.20","34.88","22.09","8.61","3.18","0.19","1.86"
"1504802","Monte Alegre (PA)","Total","13.85","36.75","34.57","8.47","5.52","0.51","0.34"
"1504901","Muaná (PA)","Total","19.52","43.15","26.40","5.62","4.61","0.18","0.53"
"1504950","Nova Esperança do Piriá (PA)","Total","30.68","46.44","18.88","1.51","1.27","0.08","1.14"
"1504976","Nova Ipixuna (PA)","Total","21.96","34.32","31.08","7.53","3.65","0.16","1.30"
"1505007","Nova Timboteua (PA)","Total","17.81","31.62","29.40","11.92","7.35","0.35","1.55"
"1505031","Novo Progresso (PA)","Total","16.73","31.74","39.34","8.91","2.59","0.13","0.56"
"1505064","Novo Repartimento (PA)","Total","26.82","35.68","26.76","6.41","2.65","0.18","1.50"
"1505106","Óbidos (PA)","Total","13.73","34.36","33.74","9.56","7.50","0.41","0.70"
"1505205","Oeiras do Pará (PA)","Total","22.69","44.55","23.67","4.18","3.57","0.23","1.10"
"1505304","Oriximiná (PA)","Total","13.58","28.70","34.63","11.94","9.39","0.99","0.77"
"1505403","Ourém (PA)","Total","18.81","39.38","29.43","5.97","5.51","0.38","0.52"
"1505437","Ourilândia do Norte (PA)","Total","22.42","29.93","35.59","8.43","2.45","0.19","0.98"
"1505486","Pacajá (PA)","Total","28.23","37.04","27.50","3.73","1.80","0.03","1.67"
"1505494","Palestina do Pará (PA)","Total","24.09","28.47","28.80","11.50","5.18","0.28","1.68"
"1505502","Paragominas (PA)","Total","16.67","31.80","32.70","10.34","6.05","0.54","1.89"
"1505536","Parauapebas (PA)","Total","12.23","25.11","35.20","14.57","10.95","1.17","0.76"
"1505551","Pau D'Arco (PA)","Total","26.10","30.57","32.74","7.56","2.15","-","0.87"
"1505601","Peixe-Boi (PA)","Total","14.27","42.91","26.33","8.25","7.47","0.34","0.41"
"1505635","Piçarra (PA)","Total","24.76","38.16","29.16","4.43","2.44","-","1.06"
"1505650","Placas (PA)","Total","19.21","32.50","38.20","7.72","1.89","0.19","0.28"
"1505700","Ponta de Pedras (PA)","Total","19.92","33.12","29.21","9.29","6.58","0.37","1.50"
"1505809","Portel (PA)","Total","45.97","29.46","16.33","4.63","1.84","0.13","1.64"
"1505908","Porto de Moz (PA)","Total","30.54","39.85","19.83","6.50","2.15","0.33","0.81"
"1506005","Prainha (PA)","Total","22.45","42.33","25.78","5.44","3.27","0.31","0.44"
"1506104","Primavera (PA)","Total","15.38","38.43","30.97","7.44","6.26","0.49","1.02"
"1506112","Quatipuru (PA)","Total","13.04","45.33","31.79","5.39","4.00","0.09","0.37"
"1506138","Redenção (PA)","Total","13.62","26.85","37.23","12.48","8.48","0.84","0.50"
"1506161","Rio Maria (PA)","Total","13.94","33.15","34.55","11.93","5.67","0.25","0.50"
"1506187","Rondon do Pará (PA)","Total","20.53","29.99","32.26","9.01","6.34","0.54","1.33"
"1506195","Rurópolis (PA)","Total","22.00","31.72","32.01","8.78","4.61","0.09","0.80"
"1506203","Salinópolis (PA)","Total","11.37","31.86","34.57","12.64","8.61","0.31","0.64"
"1506302","Salvaterra (PA)","Total","10.64","33.58","37.42","10.76","6.49","0.69","0.40"
"1506351","Santa Bárbara do Pará (PA)","Total","9.62","27.87","36.95","12.81","11.30","0.61","0.84"
"1506401","Santa Cruz do Arari (PA)","Total","25.89","32.06","29.92","7.75","3.74","-","0.63"
"1506500","Santa Izabel do Pará (PA)","Total","8.25","28.19","34.95","14.54","12.64","0.91","0.53"
"1506559","Santa Luzia do Pará (PA)","Total","23.36","39.38","26.39","5.79","4.30","0.26","0.53"
"1506583","Santa Maria das Barreiras (PA)","Total","29.36","36.22","25.16","5.18","3.41","0.06","0.62"
"1506609","Santa Maria do Pará (PA)","Total","18.49","32.76","28.58","9.91","7.96","0.54","1.77"
"1506708","Santana do Araguaia (PA)","Total","18.18","31.00","34.60","10.88","4.48","0.21","0.65"
"1506807","Santarém (PA)","Total","8.90","23.21","35.45","16.96","12.87","1.79","0.81"
"1506906","Santarém Novo (PA)","Total","13.30","40.32","32.60","7.52","3.73","0.44","2.10"
"1507003","Santo Antônio do Tauá (PA)","Total","12.46","35.44","31.24","10.43","8.53","0.61","1.29"
"1507102","São Caetano de Odivelas (PA)","Total","11.79","36.00","33.55","9.84","6.76","0.20","1.86"
"1507151","São Domingos do Araguaia (PA)","Total","23.63","32.31","30.00","7.92","5.22","0.28","0.65"
"1507201","São Domingos do Capim (PA)","Total","26.74","37.99","25.36","5.65","3.23","-","1.04"
"1507300","São Félix do Xingu (PA)","Total","23.18","33.60","31.97","6.85","3.25","0.09","1.07"
"1507409","São Francisco do Pará (PA)","Total","11.88","34.23","33.64","11.32","7.96","0.46","0.51"
"1507458","São Geraldo do Araguaia (PA)","Total","23.20","35.03","30.38","6.72","4.07","0.29","0.30"
"1507466","São João da Ponta (PA)","Total","11.46","37.12","36.13","12.52","2.76","-","-"
"1507474","São João de Pirabas (PA)","Total","14.28","44.25","30.78","4.82","5.23","0.31","0.33"
"1507508","São João do Araguaia (PA)","Total","27.61","35.27","26.88","5.15","3.33","0.25","1.51"
"1507607","São Miguel do Guamá (PA)","Total","16.35","35.01","31.21","10.01","5.95","0.45","1.02"
"1507706","São Sebastião da Boa Vista (PA)","Total","16.59","35.98","33.64","9.26","3.96","-","0.56"
"1507755","Sapucaia (PA)","Total","16.30","33.66","36.86","8.49","4.48","0.12","0.08"
"1507805","Senador José Porfírio (PA)","Total","27.54","37.63","26.48","4.71","1.90","0.49","1.24"
"1507904","Soure (PA)","Total","10.54","29.22","33.68","13.76","10.54","0.92","1.34"
"1507953","Tailândia (PA)","Total","22.50","35.74","30.64","6.50","3.84","0.68","0.10"
"1507961","Terra Alta (PA)","Total","8.39","34.38","36.98","13.85","5.84","0.40","0.16"
"1507979","Terra Santa (PA)","Total","11.53","28.00","36.80","14.92","7.34","0.43","0.98"
"1508001","Tomé-Açu (PA)","Total","19.32","35.37","30.38","8.60","5.41","0.59","0.33"
"1508035","Tracuateua (PA)","Total","18.42","41.23","29.43","5.23","2.91","0.18","2.60"
"1508050","Trairão (PA)","Total","22.50","32.30","34.93","7.02","2.88","0.02","0.36"
"1508084","Tucumã (PA)","Total","15.83","31.57","36.00","9.92","5.35","0.73","0.60"
"1508100","Tucuruí (PA)","Total","9.90","25.26","35.11","16.23","11.12","1.37","1.01"
"1508126","Ulianópolis (PA)","Total","19.49","39.18","31.25","5.87","3.35","0.52","0.34"
"1508159","Uruará (PA)","Total","20.51","30.11","34.22","9.69","3.99","0.31","1.17"
"1508209","Vigia (PA)","Total","10.50","29.33","40.27","11.87","7.00","0.44","0.60"
"1508308","Viseu (PA)","Total","25.11","42.53","23.75","4.70","2.17","0.15","1.60"
"1508357","Vitória do Xingu (PA)","Total","25.48","31.61","29.84","6.64","4.92","0.42","1.08"
"1508407","Xinguara (PA)","Total","15.51","27.72","37.25","12.07","6.44","0.60","0.40"
"1600055","Serra do Navio (AP)","Total","11.26","22.38","33.21","16.51","13.66","1.39","1.60"
"1600105","Amapá (AP)","Total","13.03","28.85","35.96","12.04","7.42","0.70","2.00"
"1600154","Pedra Branca do Amapari (AP)","Total","23.71","31.32","26.71","9.74","7.89","-","0.63"
"1600204","Calçoene (AP)","Total","12.81","27.58","34.47","13.48","7.99","0.18","3.49"
"1600212","Cutias (AP)","Total","14.15","24.02","42.57","13.39","4.94","0.35","0.58"
"1600238","Ferreira Gomes (AP)","Total","12.20","30.39","28.96","14.78","12.62","0.50","0.55"
"1600253","Itaubal (AP)","Total","16.79","32.51","34.25","7.68","5.43","0.37","2.96"
"1600279","Laranjal do Jari (AP)","Total","15.11","28.55","34.92","13.13","6.69","0.99","0.61"
"1600303","Macapá (AP)","Total","7.82","16.14","31.69","20.27","19.78","3.16","1.14"
"1600402","Mazagão (AP)","Total","30.33","27.92","22.87","11.58","5.33","0.55","1.42"
"1600501","Oiapoque (AP)","Total","12.32","26.82","33.68","14.21","8.92","0.92","3.14"
"1600535","Porto Grande (AP)","Total","17.35","23.84","34.31","16.19","6.78","1.17","0.36"
"1600550","Pracuúba (AP)","Total","12.68","35.36","40.13","6.61","4.39","0.47","0.36"
"1600600","Santana (AP)","Total","13.07","19.93","32.67","17.05","13.98","1.25","2.05"
"1600709","Tartarugalzinho (AP)","Total","15.85","32.28","36.44","8.62","4.45","0.45","1.92"
"1600808","Vitória do Jari (AP)","Total","21.86","31.02","26.97","12.78","3.75","0.32","3.30"
"1700251","Abreulândia (TO)","Total","22.24","23.67","35.20","11.65","5.84","0.99","0.42"
"1700301","Aguiarnópolis (TO)","Total","18.42","28.88","37.15","8.68","6.66","0.21","-"
"1700350","Aliança do Tocantins (TO)","Total","15.84","24.71","32.27","13.72","12.94","0.22","0.30"
"1700400","Almas (TO)","Total","21.24","28.04","34.20","8.46","7.07","0.32","0.66"
"1700707","Alvorada (TO)","Total","14.86","23.18","32.74","13.52","13.47","1.29","0.92"
"1701002","Ananás (TO)","Total","15.72","28.67","33.19","12.07","8.90","0.35","1.10"
"1701051","Angico (TO)","Total","13.78","29.20","36.86","9.79","8.12","0.14","2.11"
"1701101","Aparecida do Rio Negro (TO)","Total","16.74","28.30","33.77","11.31","9.70","0.18","-"
"1701309","Aragominas (TO)","Total","20.36","36.04","30.10","7.34","5.69","0.19","0.28"
"1701903","Araguacema (TO)","Total","18.85","27.75","32.92","9.72","9.45","0.88","0.43"
"1702000","Araguaçu (TO)","Total","18.21","18.79","35.09","13.79","12.21","0.72","1.20"
"1702109","Araguaína (TO)","Total","10.26","20.56","33.78","16.52","15.60","2.67","0.61"
"1702158","Araguanã (TO)","Total","19.72","33.92","32.84","8.14","3.50","1.14","0.73"
"1702208","Araguatins (TO)","Total","20.30","29.14","31.69","9.37","8.06","0.92","0.51"
"1702307","Arapoema (TO)","Total","22.43","24.45","30.70","11.25","9.71","1.33","0.13"
"1702406","Arraias (TO)","Total","29.48","27.51","27.09","7.44","6.75","1.69","0.04"
"1702554","Augustinópolis (TO)","Total","21.25","25.51","32.98","9.72","8.41","1.39","0.74"
"1702703","Aurora do Tocantins (TO)","Total","24.39","27.83","28.64","9.07","9.66","0.14","0.27"
"1702901","Axixá do Tocantins (TO)","Total","24.67","26.11","30.34","9.39","7.85","0.68","0.96"
"1703008","Babaçulândia (TO)","Total","18.98","31.86","33.01","9.21","6.35","0.21","0.38"
"1703057","Bandeirantes do Tocantins (TO)","Total","18.23","32.11","35.23","8.29","5.45","0.49","0.19"
"1703073","Barra do Ouro (TO)","Total","27.66","35.09","28.95","4.70","2.58","0.43","0.59"
"1703107","Barrolândia (TO)","Total","16.02","29.15","31.27","10.65","10.16","0.86","1.89"
"1703206","Bernardo Sayão (TO)","Total","14.95","28.85","36.18","11.94","7.46","0.40","0.21"
"1703305","Bom Jesus do Tocantins (TO)","Total","27.79","35.07","25.69","3.74","6.57","0.49","0.66"
"1703602","Brasilândia do Tocantins (TO)","Total","19.08","29.16","31.99","10.64","8.52","0.61","-"
"1703701","Brejinho de Nazaré (TO)","Total","16.18","29.82","33.72","9.94","9.06","0.51","0.77"
"1703800","Buriti do Tocantins (TO)","Total","17.27","29.97","30.52","14.08","7.68","-","0.48"
"1703826","Cachoeirinha (TO)","Total","10.18","24.87","46.69","9.62","4.46","-","4.18"
"1703842","Campos Lindos (TO)","Total","27.64","34.89","27.31","5.35","2.88","0.19","1.73"
"1703867","Cariri do Tocantins (TO)","Total","14.09","28.20","40.24","7.71","8.86","0.78","0.12"
"1703883","Carmolândia (TO)","Total","18.52","33.06","32.11","8.89","6.07","0.58","0.77"
"1703891","Carrasco Bonito (TO)","Total","26.01","33.20","30.00","7.15","3.63","-","-"
"1703909","Caseara (TO)","Total","22.48","28.48","29.03","10.51","9.50","-","-"
"1704105","Centenário (TO)","Total","17.52","41.48","29.40","6.86","3.54","0.36","0.83"
"1704600","Chapada de Areia (TO)","Total","16.09","29.72","37.99","11.82","4.38","-","-"
"1705102","Chapada da Natividade (TO)","Total","13.45","39.43","37.62","6.10","2.59","0.81","-"
"1705508","Colinas do Tocantins (TO)","Total","16.29","23.75","33.32","12.92","11.91","1.27","0.55"
"1705557","Combinado (TO)","Total","23.58","24.95","29.50","13.02","8.05","0.89","-"
"1705607","Conceição do Tocantins (TO)","Total","25.34","35.72","25.44","4.90","7.58","1.02","-"
"1706001","Couto Magalhães (TO)","Total","20.24","30.90","34.18","9.17","5.17","0.13","0.22"
"1706100","Cristalândia (TO)","Total","14.06","22.15","35.80","16.01","10.28","1.04","0.67"
"1706258","Crixás do Tocantins (TO)","Total","9.88","34.29","29.78","17.21","8.60","0.23","-"
"1706506","Darcinópolis (TO)","Total","21.93","33.83","32.04","7.22","3.71","-","1.26"
"1707009","Dianópolis (TO)","Total","14.59","27.31","33.46","14.69","8.84","0.60","0.52"
"1707108","Divinópolis do Tocantins (TO)","Total","19.29","25.16","33.23","12.21","9.13","0.47","0.53"
"1707207","Dois Irmãos do Tocantins (TO)","Total","17.27","33.12","34.41","8.86","5.78","0.24","0.32"
"1707306","Dueré (TO)","Total","20.02","27.17","28.14","11.73","11.89","0.96","0.10"
"1707405","Esperantina (TO)","Total","27.72","38.94","24.17","5.80","3.16","0.20","-"
"1707553","Fátima (TO)","Total","12.86","25.94","32.24","14.81","13.64","0.32","0.19"
"1707652","Figueirópolis (TO)","Total","14.33","21.57","35.28","16.36","11.30","0.63","0.53"
"1707702","Filadélfia (TO)","Total","16.96","37.67","29.10","7.50","7.62","0.29","0.85"
"1708205","Formoso do Araguaia (TO)","Total","13.15","25.09","37.87","12.43","10.49","0.77","0.18"
"1708254","Tabocão (TO)","Total","16.09","26.41","43.52","8.27","5.44","0.28","-"
"1708304","Goianorte (TO)","Total","16.32","38.46","31.70","7.80","4.49","0.33","0.91"
"1709005","Goiatins (TO)","Total","32.88","30.74","26.48","5.68","3.82","0.08","0.32"
"1709302","Guaraí (TO)","Total","11.37","21.67","38.24","16.79","9.82","1.39","0.72"
"1709500","Gurupi (TO)","Total","8.85","18.28","34.21","16.65","17.93","3.55","0.53"
"1709807","Ipueiras (TO)","Total","13.47","36.06","35.51","12.58","2.38","-","-"
"1710508","Itacajá (TO)","Total","25.22","32.00","26.40","7.83","7.14","0.30","1.12"
"1710706","Itaguatins (TO)","Total","25.12","34.43","27.00","7.31","5.07","0.22","0.85"
"1710904","Itapiratins (TO)","Total","22.36","26.49","38.38","8.13","3.89","0.28","0.47"
"1711100","Itaporã do Tocantins (TO)","Total","22.10","17.20","42.98","9.53","8.00","0.20","-"
"1711506","Jaú do Tocantins (TO)","Total","18.78","27.43","36.55","9.20","7.66","-","0.39"
"1711803","Juarina (TO)","Total","11.50","30.67","41.97","9.50","5.13","0.38","0.85"
"1711902","Lagoa da Confusão (TO)","Total","19.38","30.75","30.09","9.61","9.16","1.01","-"
"1711951","Lagoa do Tocantins (TO)","Total","20.81","37.29","31.37","5.38","4.82","0.33","-"
"1712009","Lajeado (TO)","Total","12.81","44.98","18.03","13.79","6.37","1.40","2.61"
"1712157","Lavandeira (TO)","Total","30.23","22.80","29.51","8.95","7.44","1.07","-"
"1712405","Lizarda (TO)","Total","24.17","31.49","33.30","7.64","2.36","0.17","0.87"
"1712454","Luzinópolis (TO)","Total","17.24","26.72","37.28","10.02","7.49","0.22","1.03"
"1712504","Marianópolis do Tocantins (TO)","Total","14.42","30.31","37.12","10.21","7.17","-","0.77"
"1712702","Mateiros (TO)","Total","28.77","48.30","19.86","1.51","1.56","-","-"
"1712801","Maurilândia do Tocantins (TO)","Total","15.45","38.89","30.06","10.06","3.22","-","2.32"
"1713205","Miracema do Tocantins (TO)","Total","10.24","24.49","37.06","15.46","10.95","1.34","0.47"
"1713304","Miranorte (TO)","Total","15.33","24.97","35.91","13.50","8.14","1.15","1.00"
"1713601","Monte do Carmo (TO)","Total","18.87","34.42","31.16","7.15","7.03","0.78","0.59"
"1713700","Monte Santo do Tocantins (TO)","Total","17.57","32.57","34.22","11.82","3.82","-","-"
"1713809","Palmeiras do Tocantins (TO)","Total","16.08","33.08","34.50","9.44","5.18","0.27","1.44"
"1713957","Muricilândia (TO)","Total","36.38","26.31","23.32","7.46","5.99","-","0.54"
"1714203","Natividade (TO)","Total","20.39","34.59","27.32","8.85","7.50","1.04","0.29"
"1714302","Nazaré (TO)","Total","16.70","27.51","32.55","11.43","10.55","0.13","1.14"
"1714880","Nova Olinda (TO)","Total","20.22","28.28","32.74","10.60","7.63","0.38","0.15"
"1715002","Nova Rosalândia (TO)","Total","14.73","16.26","39.09","15.24","13.90","0.29","0.50"
"1715101","Novo Acordo (TO)","Total","15.79","30.10","35.34","8.02","9.10","0.87","0.77"
"1715150","Novo Alegre (TO)","Total","15.74","24.70","32.73","13.89","10.93","1.04","0.98"
"1715259","Novo Jardim (TO)","Total","15.12","45.74","32.55","5.08","1.50","-","-"
"1715507","Oliveira de Fátima (TO)","Total","17.02","25.70","37.24","13.27","3.75","3.02","-"
"1715705","Palmeirante (TO)","Total","28.71","30.35","31.84","3.34","3.12","0.08","2.55"
"1715754","Palmeirópolis (TO)","Total","15.54","22.25","38.57","12.71","9.96","0.72","0.25"
"1716109","Paraíso do Tocantins (TO)","Total","10.18","19.13","33.76","16.38","17.27","2.77","0.52"
"1716208","Paranã (TO)","Total","29.85","41.27","20.48","4.78","3.24","0.33","0.06"
"1716307","Pau D'Arco (TO)","Total","23.31","23.63","38.43","8.68","5.84","0.11","-"
"1716505","Pedro Afonso (TO)","Total","11.92","27.66","32.11","13.36","11.40","1.48","2.08"
"1716604","Peixe (TO)","Total","20.06","29.16","31.38","10.60","7.29","0.53","0.98"
"1716653","Pequizeiro (TO)","Total","19.43","30.56","35.14","7.99","6.56","0.09","0.23"
"1716703","Colméia (TO)","Total","17.77","28.16","33.47","10.81","8.81","0.34","0.63"
"1717008","Pindorama do Tocantins (TO)","Total","18.81","28.20","36.74","8.86","7.13","-","0.26"
"1717206","Piraquê (TO)","Total","16.88","29.72","35.35","11.57","5.35","1.13","-"
"1717503","Pium (TO)","Total","14.60","28.56","30.61","12.95","12.42","0.59","0.27"
"1717800","Ponte Alta do Bom Jesus (TO)","Total","24.22","32.35","30.38","5.67","6.80","0.36","0.23"
"1717909","Ponte Alta do Tocantins (TO)","Total","19.51","33.51","30.43","8.03","7.48","1.05","-"
"1718006","Porto Alegre do Tocantins (TO)","Total","21.64","32.78","31.74","8.00","5.51","0.33","-"
"1718204","Porto Nacional (TO)","Total","12.71","21.69","31.74","17.08","13.16","2.72","0.89"
"1718303","Praia Norte (TO)","Total","25.09","36.99","26.83","6.18","4.39","-","0.52"
"1718402","Presidente Kennedy (TO)","Total","17.97","26.51","28.25","12.44","13.90","0.93","-"
"1718451","Pugmil (TO)","Total","13.59","34.13","32.75","7.88","7.19","0.32","4.14"
"1718501","Recursolândia (TO)","Total","22.41","34.18","33.06","5.87","3.27","-","1.22"
"1718550","Riachinho (TO)","Total","24.30","34.00","31.46","6.80","2.26","0.37","0.81"
"1718659","Rio da Conceição (TO)","Total","15.54","37.36","33.96","4.58","7.49","0.30","0.76"
"1718709","Rio dos Bois (TO)","Total","18.97","27.02","36.50","7.61","9.29","0.61","-"
"1718758","Rio Sono (TO)","Total","23.67","33.15","30.10","6.73","5.90","0.14","0.31"
"1718808","Sampaio (TO)","Total","20.92","20.28","36.25","15.53","6.79","-","0.22"
"1718840","Sandolândia (TO)","Total","19.11","26.77","37.16","8.81","6.12","0.46","1.57"
"1718865","Santa Fé do Araguaia (TO)","Total","22.47","28.24","35.22","8.55","4.22","0.51","0.79"
"1718881","Santa Maria do Tocantins (TO)","Total","21.92","36.49","29.30","7.12","5.17","-","-"
"1718899","Santa Rita do Tocantins (TO)","Total","19.19","28.27","33.83","10.83","6.46","-","1.43"
"1718907","Santa Rosa do Tocantins (TO)","Total","19.89","32.84","33.73","6.98","5.19","0.89","0.49"
"1719004","Santa Tereza do Tocantins (TO)","Total","13.14","30.49","32.73","11.89","8.65","-","3.09"
"1720002","Santa Terezinha do Tocantins (TO)","Total","12.83","33.85","35.96","10.19","4.84","-","2.32"
"1720101","São Bento do Tocantins (TO)","Total","17.73","35.43","31.85","6.90","7.00","0.14","0.96"
"1720150","São Félix do Tocantins (TO)","Total","16.30","37.53","33.14","8.91","2.33","1.48","0.30"
"1720200","São Miguel do Tocantins (TO)","Total","24.16","29.61","32.50","8.01","4.92","0.11","0.70"
"1720259","São Salvador do Tocantins (TO)","Total","21.09","32.70","33.36","7.73","4.66","0.46","-"
"1720309","São Sebastião do Tocantins (TO)","Total","19.52","24.51","34.41","12.85","8.45","-","0.26"
"1720499","São Valério (TO)","Total","19.45","36.19","28.99","7.60","6.78","0.61","0.38"
"1720655","Silvanópolis (TO)","Total","19.78","35.97","28.97","6.29","8.64","0.35","-"
